Alabama.....................     3,970,436     2,249,901      56.7     2,169,710      54.6       80,191      3.6
Alaska......................       545,149       353,153      64.8       329,080      60.4       24,073      6.8
Arizona.....................     5,742,205     3,519,581      61.3     3,329,319      58.0      190,262      5.4
Arkansas....................     2,354,084     1,332,758      56.6     1,274,656      54.1       58,102      4.4
California..................    31,011,360    18,913,379      61.0    17,414,749      56.2    1,498,630      7.9
Los-Angeles-County.......     7,971,118     5,017,591      62.9     4,528,487      56.8      489,104      9.7
Colorado....................     4,617,031     3,154,026      68.3     2,971,450      64.4      182,576      5.8
Connecticut.................     2,922,726     1,853,898      63.4     1,730,239      59.2      123,659      6.7
Delaware....................       802,942       497,969      62.0       469,655      58.5       28,314      5.7
District-of-Columbia........       548,635       380,511      69.4       354,110      64.5       26,401      6.9
Florida.....................    17,656,689    10,279,255      58.2     9,779,931      55.4      499,324      4.9
Georgia.....................     8,369,050     5,181,417      61.9     4,967,508      59.4      213,909      4.1
Hawaii......................     1,117,230       668,460      59.8       629,314      56.3       39,146      5.9
Idaho.......................     1,459,521       915,795      62.7       881,489      60.4       34,306      3.7
Illinois....................    10,042,007     6,307,602      62.8     5,899,080      58.7      408,522      6.5
Indiana.....................     5,309,111     3,339,151      62.9     3,205,510      60.4      133,641      4.0
Iowa........................     2,503,170     1,679,868      67.1     1,604,918      64.1       74,950      4.5
Kansas......................     2,252,743     1,497,684      66.5     1,446,272      64.2       51,412      3.4
Kentucky....................     3,529,835     2,032,018      57.6     1,936,506      54.9       95,512      4.7
Louisiana...................     3,567,333     2,069,990      58.0     1,947,251      54.6      122,739      5.9
Maine.......................     1,135,999       684,920      60.3       651,674      57.4       33,246      4.9
Maryland....................     4,862,429     3,161,565      65.0     2,981,461      61.3      180,104      5.7
Massachusetts...............     5,725,989     3,747,620      65.4     3,524,818      61.6      222,802      5.9
Michigan....................     8,058,465     4,771,544      59.2     4,473,656      55.5      297,888      6.2
Minnesota...................     4,488,610     3,012,884      67.1     2,910,210      64.8      102,674      3.4
Mississippi.................     2,277,353     1,258,053      55.2     1,182,114      51.9       75,939      6.0
Missouri....................     4,847,412     3,059,440      63.1     2,920,460      60.2      138,980      4.5
Montana.....................       879,341       548,768      62.4       528,864      60.1       19,904      3.6
Nebraska....................     1,507,717     1,046,228      69.4     1,019,663      67.6       26,565      2.5
Nevada......................     2,483,582     1,511,383      60.9     1,392,756      56.1      118,627      7.8
New Hampshire...............     1,148,869       756,674      65.9       728,935      63.4       27,739      3.7
New Jersey..................     7,383,097     4,672,304      63.3     4,361,984      59.1      310,320      6.6
New Mexico..................     1,662,634       943,858      56.8       876,160      52.7       67,698      7.2
New York....................    16,007,801     9,519,849      59.5     8,817,795      55.1      702,054      7.4
New York city............     6,892,146     4,106,723      59.6     3,683,653      53.4      423,070     10.3
North Carolina..............     8,304,267     4,945,544      59.6     4,698,253      56.6      247,291      5.0
North Dakota................       592,969       405,568      68.4       390,192      65.8       15,376      3.8
Ohio........................     9,316,588     5,746,415      61.7     5,434,215      58.3      312,200      5.4
Oklahoma....................     3,054,826     1,860,707      60.9     1,779,084      58.2       81,623      4.4
Oregon......................     3,445,913     2,147,616      62.3     2,028,171      58.9      119,445      5.6
Pennsylvania................    10,417,180     6,435,030      61.8     6,003,537      57.6      431,493      6.7
Rhode Island................       897,051       572,637      63.8       538,315      60.0       34,322      6.0
South Carolina..............     4,107,459     2,364,470      57.6     2,266,546      55.2       97,924      4.1
South Dakota................       681,456       467,651      68.6       452,714      66.4       14,937      3.2
Tennessee...................     5,499,061     3,324,202      60.5     3,172,170      57.7      152,032      4.6
Texas.......................    22,402,516    14,194,328      63.4    13,353,800      59.6      840,528      5.9
Utah........................     2,467,460     1,678,424      68.0     1,630,846      66.1       47,578      2.8
Vermont.....................       537,390       328,514      61.1       316,717      58.9       11,797      3.6
Virginia....................     6,778,160     4,269,959      63.0     4,093,462      60.4      176,497      4.1
Washington..................     6,137,961     3,894,512      63.4     3,681,350      60.0      213,162      5.5
West Virginia...............     1,442,160       788,988      54.7       746,278      51.7       42,710      5.4
Wisconsin...................     4,705,312     3,139,516      66.7     3,009,893      64.0      129,623      4.1
Wyoming.....................       452,621       290,753      64.2       277,103      61.2       13,650      4.7