Alabama .....................     3,907,744     2,238,465      57.3     2,150,167      55.0       88,298      3.9
Alaska ......................       545,675       356,371      65.3       335,170      61.4       21,201      5.9
Arizona .....................     5,420,337     3,314,729      61.2     3,160,051      58.3      154,678      4.7
Arkansas ....................     2,319,552     1,350,426      58.2     1,301,908      56.1       48,518      3.6
California ..................    30,944,064    19,305,583      62.4    18,491,362      59.8      814,221      4.2
   Los Angeles County .......     8,083,566     5,130,987      63.5     4,896,015      60.6      234,972      4.6
Colorado ....................     4,442,051     3,050,463      68.7     2,958,696      66.6       91,767      3.0
Connecticut .................     2,908,867     1,930,061      66.4     1,853,593      63.7       76,468      4.0
Delaware ....................       771,520       481,216      62.4       462,907      60.0       18,309      3.8
District of Columbia ........       561,322       397,461      70.8       374,914      66.8       22,547      5.7
Florida .....................    17,029,827    10,105,273      59.3     9,726,952      57.1      378,321      3.7
Georgia .....................     8,082,086     5,131,100      63.5     4,924,450      60.9      206,650      4.0
Hawaii ......................     1,123,906       696,557      62.0       679,818      60.5       16,739      2.4
Idaho .......................     1,341,697       860,704      64.2       836,410      62.3       24,294      2.8
Illinois ....................    10,133,438     6,569,189      64.8     6,289,884      62.1      279,305      4.3
Indiana .....................     5,218,582     3,397,146      65.1     3,282,686      62.9      114,460      3.4
Iowa ........................     2,472,544     1,715,246      69.4     1,672,897      67.7       42,349      2.5
Kansas ......................     2,232,487     1,489,930      66.7     1,441,610      64.6       48,320      3.2
Kentucky ....................     3,499,860     2,059,982      58.9     1,973,366      56.4       86,616      4.2
Louisiana ...................     3,584,082     2,121,315      59.2     2,017,213      56.3      104,102      4.9
Maine .......................     1,111,321       704,803      63.4       683,346      61.5       21,457      3.0
Maryland ....................     4,819,714     3,257,325      67.6     3,140,910      65.2      116,415      3.6
Massachusetts ...............     5,688,772     3,814,481      67.1     3,680,651      64.7      133,830      3.5
Michigan ....................     8,025,213     4,942,048      61.6     4,741,589      59.1      200,459      4.1
Minnesota ...................     4,412,550     3,083,692      69.9     2,990,930      67.8       92,762      3.0
Mississippi .................     2,279,781     1,271,515      55.8     1,209,571      53.1       61,944      4.9
Missouri ....................     4,787,733     3,048,818      63.7     2,953,852      61.7       94,966      3.1
Montana .....................       844,247       533,705      63.2       513,664      60.8       20,041      3.8
Nebraska ....................     1,482,532     1,033,500      69.7     1,004,452      67.8       29,048      2.8
Nevada ......................     2,350,796     1,487,956      63.3     1,423,421      60.6       64,535      4.3
New Hampshire ...............     1,119,451       768,618      68.7       748,124      66.8       20,494      2.7
New Jersey ..................     7,305,284     4,614,871      63.2     4,425,701      60.6      189,170      4.1
New Mexico ..................     1,632,860       950,167      58.2       904,933      55.4       45,234      4.8
New York ....................    16,210,903     9,849,643      60.8     9,446,654      58.3      402,989      4.1
   New York city ............     7,104,573     4,289,203      60.4     4,114,747      57.9      174,456      4.1
North Carolina ..............     8,018,504     4,916,728      61.3     4,723,782      58.9      192,946      3.9
North Dakota ................       589,484       413,311      70.1       403,552      68.5        9,759      2.4
Ohio ........................     9,261,775     5,821,048      62.9     5,557,458      60.0      263,590      4.5
Oklahoma ....................     2,994,578     1,837,832      61.4     1,777,529      59.4       60,303      3.3
Oregon ......................     3,361,266     2,078,801      61.8     1,998,452      59.5       80,349      3.9
Pennsylvania ................    10,383,171     6,497,870      62.6     6,208,874      59.8      288,996      4.4
Rhode Island ................       886,963       572,394      64.5       549,460      61.9       22,934      4.0
South Carolina ..............     3,940,784     2,271,621      57.6     2,197,624      55.8       73,997      3.3
South Dakota ................       662,462       457,874      69.1       445,072      67.2       12,802      2.8
Tennessee ...................     5,334,740     3,258,091      61.1     3,144,161      58.9      113,930      3.5
Texas .......................    21,397,027    13,689,632      64.0    13,150,005      61.5      539,627      3.9
Utah ........................     2,305,729     1,582,778      68.6     1,536,229      66.6       46,549      2.9
Vermont .....................       529,780       357,458      67.5       347,703      65.6        9,755      2.7
Virginia ....................     6,662,762     4,389,088      65.9     4,260,902      64.0      128,186      2.9
Washington ..................     5,932,373     3,803,383      64.1     3,637,673      61.3      165,710      4.4
West Virginia ...............     1,459,408       794,963      54.5       753,339      51.6       41,624      5.2
Wisconsin ...................     4,639,055     3,139,203      67.7     3,045,068      65.6       94,135      3.0
Wyoming .....................       445,346       292,911      65.8       281,245      63.2       11,666      4.0