Alabama .....................     3,931,489     2,269,477      57.7     2,199,812      56.0       69,665      3.1
Alaska ......................       544,832       352,970      64.8       333,694      61.2       19,276      5.5
Arizona .....................     5,521,644     3,419,960      61.9     3,256,037      59.0      163,923      4.8
Arkansas ....................     2,328,527     1,363,616      58.6     1,317,815      56.6       45,801      3.4
California ..................    31,040,925    19,369,999      62.4    18,584,927      59.9      785,072      4.1
   Los Angeles County .......     8,071,425     5,133,469      63.6     4,909,741      60.8      223,728      4.4
Colorado ....................     4,510,733     3,096,196      68.6     3,017,467      66.9       78,729      2.5
Connecticut .................     2,911,916     1,946,722      66.9     1,879,011      64.5       67,711      3.5
Delaware ....................       781,189       485,535      62.2       467,771      59.9       17,764      3.7
District of Columbia ........       562,869       400,672      71.2       378,895      67.3       21,777      5.4
Florida .....................    17,240,391    10,232,098      59.3     9,893,904      57.4      338,194      3.3
Georgia .....................     8,189,294     5,141,381      62.8     4,955,880      60.5      185,501      3.6
Hawaii ......................     1,124,026       685,361      61.0       666,208      59.3       19,153      2.8
Idaho .......................     1,376,455       885,515      64.3       859,979      62.5       25,536      2.9
Illinois ....................    10,125,110     6,582,561      65.0     6,321,220      62.4      261,341      4.0
Indiana .....................     5,253,498     3,385,691      64.4     3,278,133      62.4      107,558      3.2
Iowa ........................     2,485,371     1,748,680      70.4     1,704,571      68.6       44,109      2.5
Kansas ......................     2,238,968     1,494,848      66.8     1,448,766      64.7       46,082      3.1
Kentucky ....................     3,512,368     2,066,906      58.8     1,982,623      56.4       84,283      4.1
Louisiana ...................     3,583,980     2,104,995      58.7     2,013,775      56.2       91,220      4.3
Maine .......................     1,118,542       699,722      62.6       681,599      60.9       18,123      2.6
Maryland ....................     4,842,415     3,310,991      68.4     3,207,154      66.2      103,837      3.1
Massachusetts ...............     5,720,593     3,837,165      67.1     3,720,073      65.0      117,092      3.1
Michigan ....................     8,045,660     4,973,009      61.8     4,767,742      59.3      205,267      4.1
Minnesota ...................     4,448,167     3,119,897      70.1     3,017,819      67.8      102,078      3.3
Mississippi .................     2,279,535     1,276,671      56.0     1,208,288      53.0       68,383      5.4
Missouri ....................     4,807,839     3,061,774      63.7     2,972,411      61.8       89,363      2.9
Montana .....................       853,005       540,275      63.3       521,328      61.1       18,947      3.5
Nebraska ....................     1,492,290     1,046,643      70.1     1,015,771      68.1       30,872      2.9
Nevada ......................     2,402,785     1,535,456      63.9     1,475,161      61.4       60,295      3.9
New Hampshire ...............     1,128,455       775,193      68.7       755,577      67.0       19,616      2.5
New Jersey ..................     7,344,573     4,668,729      63.6     4,520,462      61.5      148,267      3.2
New Mexico ..................     1,643,494       962,898      58.6       915,298      55.7       47,600      4.9
New York ....................    16,235,018     9,864,463      60.8     9,497,238      58.5      367,225      3.7
   New York city ............     7,112,360     4,300,409      60.5     4,134,888      58.1      165,521      3.8
North Carolina ..............     8,114,250     4,989,154      61.5     4,801,744      59.2      187,410      3.8
North Dakota ................       592,269       415,342      70.1       406,663      68.7        8,679      2.1
Ohio ........................     9,292,359     5,860,300      63.1     5,628,868      60.6      231,432      3.9
Oklahoma ....................     3,010,834     1,838,847      61.1     1,783,281      59.2       55,566      3.0
Oregon ......................     3,396,975     2,094,553      61.7     2,015,725      59.3       78,828      3.8
Pennsylvania ................    10,405,487     6,552,905      63.0     6,268,443      60.2      284,462      4.3
Rhode Island ................       891,095       570,111      64.0       550,557      61.8       19,554      3.4
South Carolina ..............     3,994,327     2,326,050      58.2     2,257,737      56.5       68,313      2.9
South Dakota ................       668,568       461,261      69.0       448,217      67.0       13,044      2.8
Tennessee ...................     5,388,254     3,343,491      62.1     3,232,261      60.0      111,230      3.3
Texas .......................    21,726,130    13,827,325      63.6    13,353,151      61.5      474,174      3.4
Utah ........................     2,358,065     1,613,711      68.4     1,572,035      66.7       41,676      2.6
Vermont .....................       531,999       355,359      66.8       347,871      65.4        7,488      2.1
Virginia ....................     6,711,091     4,450,633      66.3     4,330,431      64.5      120,202      2.7
Washington ..................     6,017,852     3,922,050      65.2     3,751,539      62.3      170,511      4.3
West Virginia ...............     1,453,066       794,581      54.7       756,916      52.1       37,665      4.7
Wisconsin ...................     4,665,454     3,122,450      66.9     3,023,034      64.8       99,416      3.2
Wyoming .....................       446,974       293,440      65.7       283,475      63.4        9,965      3.4
