Alabama .....................     3,955,311     2,270,749      57.4     2,035,223      51.5      235,526     10.4
Alaska ......................       544,176       345,436      63.5       304,260      55.9       41,176     11.9
Arizona .....................     5,637,075     3,432,853      60.9     3,053,663      54.2      379,190     11.0
Arkansas ....................     2,340,206     1,365,465      58.3     1,246,160      53.3      119,305      8.7
California ..................    31,101,373    18,606,506      59.8    15,604,432      50.2    3,002,074     16.1
   Los Angeles County .......     8,048,800     4,767,211      59.2     3,851,460      47.9      915,751     19.2
Colorado ....................     4,572,256     3,103,940      67.9     2,737,435      59.9      366,505     11.8
Connecticut .................     2,914,614     1,915,301      65.7     1,696,323      58.2      218,978     11.4
Delaware ....................       791,764       493,333      62.3       427,718      54.0       65,615     13.3
District of Columbia ........       564,354       380,731      67.5       346,476      61.4       34,255      9.0
Florida .....................    17,458,161    10,037,789      57.5     8,644,298      49.5    1,393,491     13.9
Georgia .....................     8,286,415     5,043,057      60.9     4,558,551      55.0      484,506      9.6
Hawaii ......................     1,123,764       660,015      58.7       522,349      46.5      137,666     20.9
Idaho .......................     1,414,125       892,862      63.1       813,394      57.5       79,468      8.9
Illinois ....................    10,105,589     6,376,437      63.1     5,450,216      53.9      926,221     14.5
Indiana .....................     5,285,301     3,285,590      62.2     2,880,318      54.5      405,272     12.3
Iowa ........................     2,495,514     1,675,014      67.1     1,541,346      61.8      133,668      8.0
Kansas ......................     2,247,475     1,490,016      66.3     1,355,766      60.3      134,250      9.0
Kentucky ....................     3,524,185     2,057,172      58.4     1,798,465      51.0      258,707     12.6
Louisiana ...................     3,581,860     2,026,490      56.6     1,777,005      49.6      249,485     12.3
Maine .......................     1,125,668       669,902      59.5       608,388      54.0       61,514      9.2
Maryland ....................     4,859,671     3,212,451      66.1     2,908,400      59.8      304,051      9.5
Massachusetts ...............     5,743,244     3,717,504      64.7     3,140,757      54.7      576,747     15.5
Michigan ....................     8,058,113     4,873,862      60.5     3,937,789      48.9      936,073     19.2
Minnesota ...................     4,476,892     3,094,261      69.1     2,758,762      61.6      335,499     10.8
Mississippi .................     2,278,720     1,216,189      53.4     1,082,580      47.5      133,609     11.0
Missouri ....................     4,829,046     2,873,545      59.5     2,609,270      54.0      264,275      9.2
Montana .....................       863,449       541,722      62.7       492,200      57.0       49,522      9.1
Nebraska ....................     1,501,738     1,045,076      69.6       979,695      65.2       65,381      6.3
Nevada ......................     2,449,679     1,362,621      55.6     1,043,396      42.6      319,225     23.4
New Hampshire ...............     1,137,481       756,340      66.5       666,860      58.6       89,480     11.8
New Jersey ..................     7,378,844     4,579,556      62.1     3,854,583      52.2      724,973     15.8
New Mexico ..................     1,655,953       903,911      54.6       815,581      49.3       88,330      9.8
New York ....................    16,222,341     9,494,524      58.5     7,927,721      48.9    1,566,803     16.5
   New York city ............     7,094,762     4,025,419      56.7     3,179,215      44.8      846,204     21.0
North Carolina ..............     8,209,466     4,778,243      58.2     4,230,550      51.5      547,693     11.5
North Dakota ................       594,768       410,771      69.1       382,000      64.2       28,771      7.0
Ohio ........................     9,314,467     5,650,297      60.7     4,931,906      52.9      718,391     12.7
Oklahoma ....................     3,031,589     1,825,960      60.2     1,648,969      54.4      176,991      9.7
Oregon ......................     3,429,194     2,108,250      61.5     1,850,939      54.0      257,311     12.2
Pennsylvania ................    10,424,133     6,449,949      61.9     5,603,454      53.8      846,495     13.1
Rhode Island ................       895,274       569,790      63.6       481,072      53.7       88,718     15.6
South Carolina ..............     4,050,663     2,322,657      57.3     2,110,422      52.1      212,235      9.1
South Dakota ................       674,070       459,804      68.2       429,564      63.7       30,240      6.6
Tennessee ...................     5,446,963     3,268,122      60.0     2,873,669      52.8      394,453     12.1
Texas .......................    22,078,952    13,800,875      62.5    12,172,243      55.1    1,628,632     11.8
Utah ........................     2,409,993     1,630,827      67.7     1,507,645      62.6      123,182      7.6
Vermont .....................       534,131       344,715      64.5       311,880      58.4       32,835      9.5
Virginia ....................     6,756,475     4,360,022      64.5     3,942,454      58.4      417,568      9.6
Washington ..................     6,099,284     3,978,036      65.2     3,451,334      56.6      526,702     13.2
West Virginia ...............     1,447,231       777,537      53.7       682,891      47.2       94,646     12.2
Wisconsin ...................     4,690,506     3,102,886      66.2     2,779,580      59.3      323,306     10.4
Wyoming .....................       449,656       298,314      66.3       272,632      60.6       25,682      8.6