Alabama .....................     3,885,734     2,201,642      56.7     2,100,033      54.0      101,609      4.6
Alaska ......................       546,537       361,601      66.2       338,131      61.9       23,470      6.5
Arizona .....................     5,329,287     3,235,526      60.7     3,075,187      57.7      160,339      5.0
Arkansas ....................     2,310,930     1,349,569      58.4     1,300,097      56.3       49,472      3.7
California ..................    30,778,619    19,193,658      62.4    18,252,450      59.3      941,208      4.9
   Los Angeles County .......     8,077,722     5,113,420      63.3     4,867,025      60.3      246,395      4.8
Colorado ....................     4,366,681     2,952,554      67.6     2,880,674      66.0       71,880      2.4
Connecticut .................     2,899,596     1,930,068      66.6     1,844,470      63.6       85,598      4.4
Delaware ....................       762,744       474,720      62.2       453,188      59.4       21,532      4.5
District of Columbia ........       557,586       393,227      70.5       369,006      66.2       24,221      6.2
Florida .....................    16,783,107     9,982,016      59.5     9,551,303      56.9      430,713      4.3
Georgia .....................     7,982,301     5,103,277      63.9     4,856,196      60.8      247,081      4.8
Hawaii ......................     1,120,338       698,628      62.4       682,060      60.9       16,568      2.4
Idaho .......................     1,310,221       836,335      63.8       809,789      61.8       26,546      3.2
Illinois ....................    10,140,930     6,556,293      64.7     6,233,870      61.5      322,423      4.9
Indiana .....................     5,184,386     3,331,884      64.3     3,218,341      62.1      113,543      3.4
Iowa ........................     2,463,587     1,699,561      69.0     1,646,955      66.9       52,606      3.1
Kansas ......................     2,226,502     1,490,429      66.9     1,436,226      64.5       54,203      3.6
Kentucky ....................     3,487,695     2,056,962      59.0     1,955,520      56.1      101,442      4.9
Louisiana ...................     3,585,573     2,108,626      58.8     1,998,677      55.7      109,949      5.2
Maine .......................     1,105,242       705,023      63.8       681,002      61.6       24,021      3.4
Maryland ....................     4,794,881     3,242,668      67.6     3,116,341      65.0      126,327      3.9
Massachusetts ...............     5,647,874     3,720,395      65.9     3,577,599      63.3      142,796      3.8
Michigan ....................     7,993,839     4,902,149      61.3     4,690,213      58.7      211,936      4.3
Minnesota ...................     4,374,042     3,072,030      70.2     2,964,839      67.8      107,191      3.5
Mississippi .................     2,284,478     1,275,453      55.8     1,207,603      52.9       67,850      5.3
Missouri ....................     4,772,428     3,056,058      64.0     2,941,772      61.6      114,286      3.7
Montana .....................       835,357       528,803      63.3       507,282      60.7       21,521      4.1
Nebraska ....................     1,472,317     1,022,712      69.5       992,866      67.4       29,846      2.9
Nevada ......................     2,301,965     1,438,906      62.5     1,366,662      59.4       72,244      5.0
New Hampshire ...............     1,111,368       758,365      68.2       737,463      66.4       20,902      2.8
New Jersey ..................     7,262,930     4,623,330      63.7     4,417,571      60.8      205,759      4.5
New Mexico ..................     1,625,879       950,564      58.5       891,259      54.8       59,305      6.2
New York ....................    16,167,243     9,852,683      60.9     9,398,001      58.1      454,682      4.6
   New York city ............     7,087,675     4,308,587      60.8     4,113,325      58.0      195,262      4.5
North Carolina ..............     7,918,338     4,856,677      61.3     4,638,960      58.6      217,717      4.5
North Dakota ................       587,456       417,252      71.0       406,697      69.2       10,555      2.5
Ohio ........................     9,230,327     5,824,602      63.1     5,531,724      59.9      292,878      5.0
Oklahoma ....................     2,985,810     1,823,836      61.1     1,750,065      58.6       73,771      4.0
Oregon ......................     3,321,992     2,078,660      62.6     1,996,510      60.1       82,150      4.0
Pennsylvania ................    10,350,397     6,496,113      62.8     6,173,003      59.6      323,110      5.0
Rhode Island ................       881,389       567,818      64.4       542,809      61.6       25,009      4.4
South Carolina ..............     3,891,383     2,262,759      58.1     2,169,130      55.7       93,629      4.1
South Dakota ................       657,715       455,572      69.3       441,739      67.2       13,833      3.0
Tennessee ...................     5,276,523     3,189,735      60.5     3,071,352      58.2      118,383      3.7
Texas .......................    21,093,527    13,464,024      63.8    12,868,903      61.0      595,121      4.4
Utah ........................     2,253,166     1,552,513      68.9     1,503,169      66.7       49,344      3.2
Vermont .....................       527,406       355,445      67.4       344,781      65.4       10,664      3.0
Virginia ....................     6,618,227     4,354,662      65.8     4,192,147      63.3      162,515      3.7
Washington ..................     5,838,142     3,720,366      63.7     3,550,246      60.8      170,120      4.6
West Virginia ...............     1,468,037       782,759      53.3       743,381      50.6       39,378      5.0
Wisconsin ...................     4,613,352     3,145,031      68.2     3,042,977      66.0      102,054      3.2
Wyoming .....................       445,744       293,917      65.9       281,799      63.2       12,118      4.1